DFS
dolzina poti: 268
cena poti: 1040
število obiskanih vozlišč: 1282
največja globina: 69
[[10,3], [11,3], [11,4], [11,5], [11,6], [11,7], [12,7], [13,7], [13,8], [13,9], [13,10], [13,11], [13,12], [13,13], [14,13], [15,13], [16,13], [17,13], [17,12], [17,11], [17,10], [17,9], [18,9], [19,9], [19,10], [19,11], [20,11], [21,11], [21,10], [21,9], [22,9], [23,9], [23,8], [23,7], [23,6], [23,5], [22,5], [21,5], [20,5], [19,5], [18,5], [17,5], [18,5], [19,5], [20,5], [21,5], [22,5], [23,5], [23,6], [23,7], [23,8], [23,9], [22,9], [21,9], [21,10], [21,11], [20,11], [19,11], [19,10], [19,9], [18,9], [17,9], [17,10], [17,11], [17,12], [17,13], [16,13], [15,13], [15,14], [15,15], [15,16], [15,17], [15,18], [15,19], [14,19], [13,19], [13,20], [13,21], [12,21], [11,21], [11,20], [11,19], [11,18], [11,17], [10,17], [9,17], [8,17], [7,17], [7,16], [7,15], [7,14], [7,13], [7,12], [7,11], [6,11], [5,11], [4,11], [3,11], [3,10], [3,9], [3,8], [3,7], [4,7], [5,7], [5,6], [5,5], [5,4], [5,3], [5,2], [5,1], [6,1], [7,1], [7,2], [7,3], [7,4], [7,5], [7,4], [7,3], [7,2], [7,1], [6,1], [5,1], [5,2], [5,3], [5,4], [5,5], [5,6], [5,7], [4,7], [3,7], [3,8], [3,9], [3,10], [3,11], [4,11], [5,11], [6,11], [7,11], [7,12], [7,13], [7,14], [7,15], [7,16], [7,17], [8,17], [9,17], [10,17], [11,17], [11,18], [11,19], [11,20], [11,21], [12,21], [13,21], [14,21], [15,21], [16,21], [17,21], [17,22], [17,23], [17,24], [17,25], [17,26], [17,27], [17,28], [17,29], [18,29], [19,29], [20,29], [21,29], [22,29], [23,29], [24,29], [25,29], [26,29], [27,29], [28,29], [29,29], [29,28], [29,27], [29,26], [29,25], [29,24], [29,23], [29,24], [29,25], [29,26], [29,27], [29,28], [29,29], [28,29], [27,29], [26,29], [25,29], [24,29], [23,29], [22,29], [21,29], [20,29], [19,29], [18,29], [17,29], [17,28], [17,27], [17,26], [17,25], [17,24], [17,23], [17,22], [17,21], [16,21], [15,21], [15,22], [15,23], [14,23], [13,23], [13,24], [13,25], [12,25], [11,25], [11,24], [11,23], [10,23], [9,23], [9,24], [9,25], [8,25], [7,25], [6,25], [5,25], [4,25], [3,25], [3,26], [3,27], [2,27], [1,27], [1,28], [1,29], [1,28], [1,27], [2,27], [3,27], [3,26], [3,25], [4,25], [5,25], [6,25], [7,25], [8,25], [9,25], [9,24], [9,23], [10,23], [11,23], [11,24], [11,25], [12,25], [13,25], [13,26], [13,27], [12,27], [11,27], [10,27], [9,27], [8,27], [7,27], [7,28], [7,29], ]

BFS
dolzina poti: 284
cena poti: 1104
število obiskanih vozlišč: 1737
največja globina: 68
[[10,3], [11,3], [11,4], [11,5], [11,6], [11,7], [12,7], [13,7], [13,8], [13,9], [13,10], [13,11], [13,12], [13,13], [14,13], [15,13], [16,13], [17,13], [17,12], [17,11], [17,10], [17,9], [18,9], [19,9], [19,10], [19,11], [20,11], [21,11], [21,10], [21,9], [22,9], [23,9], [23,8], [23,7], [23,6], [23,5], [22,5], [21,5], [20,5], [19,5], [18,5], [17,5], [18,5], [19,5], [20,5], [21,5], [22,5], [23,5], [23,6], [23,7], [23,8], [23,9], [22,9], [21,9], [21,10], [21,11], [20,11], [19,11], [19,10], [19,9], [18,9], [17,9], [17,10], [17,11], [17,12], [17,13], [16,13], [15,13], [15,14], [15,15], [15,16], [15,17], [15,18], [15,19], [14,19], [13,19], [13,20], [13,21], [14,21], [15,21], [15,22], [15,23], [14,23], [13,23], [13,24], [13,25], [12,25], [11,25], [11,24], [11,23], [10,23], [9,23], [9,24], [9,25], [8,25], [7,25], [6,25], [5,25], [4,25], [3,25], [3,26], [3,27], [2,27], [1,27], [1,28], [1,29], [1,28], [1,27], [2,27], [3,27], [3,26], [3,25], [4,25], [5,25], [6,25], [7,25], [8,25], [9,25], [9,24], [9,23], [10,23], [11,23], [11,24], [11,25], [12,25], [13,25], [13,24], [13,23], [14,23], [15,23], [15,22], [15,21], [16,21], [17,21], [17,22], [17,23], [17,24], [17,25], [17,26], [17,27], [17,28], [17,29], [18,29], [19,29], [20,29], [21,29], [22,29], [23,29], [24,29], [25,29], [26,29], [27,29], [28,29], [29,29], [29,28], [29,27], [29,26], [29,25], [29,24], [29,23], [29,24], [29,25], [29,26], [29,27], [29,28], [29,29], [28,29], [27,29], [26,29], [25,29], [24,29], [23,29], [22,29], [21,29], [20,29], [19,29], [18,29], [17,29], [17,28], [17,27], [17,26], [17,25], [17,24], [17,23], [17,22], [17,21], [16,21], [15,21], [14,21], [13,21], [12,21], [11,21], [11,20], [11,19], [11,18], [11,17], [10,17], [9,17], [8,17], [7,17], [7,16], [7,15], [7,14], [7,13], [7,12], [7,11], [6,11], [5,11], [4,11], [3,11], [3,10], [3,9], [3,8], [3,7], [4,7], [5,7], [5,6], [5,5], [5,4], [5,3], [5,2], [5,1], [6,1], [7,1], [7,2], [7,3], [7,4], [7,5], [7,4], [7,3], [7,2], [7,1], [6,1], [5,1], [5,2], [5,3], [5,4], [5,5], [5,6], [5,7], [4,7], [3,7], [3,8], [3,9], [3,10], [3,11], [4,11], [5,11], [6,11], [7,11], [7,12], [7,13], [7,14], [7,15], [7,16], [7,17], [8,17], [9,17], [10,17], [11,17], [11,18], [11,19], [11,20], [11,21], [12,21], [13,21], [14,21], [15,21], [15,22], [15,23], [14,23], [13,23], [13,24], [13,25], [13,26], [13,27], [12,27], [11,27], [10,27], [9,27], [8,27], [7,27], [7,28], [7,29], ]

AStar
dolzina poti: 284
cena poti: 1104
število obiskanih vozlišč: 1165
največja globina: 68
[[10,3], [11,3], [11,4], [11,5], [11,6], [11,7], [12,7], [13,7], [13,8], [13,9], [13,10], [13,11], [13,12], [13,13], [14,13], [15,13], [16,13], [17,13], [17,12], [17,11], [17,10], [17,9], [18,9], [19,9], [19,10], [19,11], [20,11], [21,11], [21,10], [21,9], [22,9], [23,9], [23,8], [23,7], [23,6], [23,5], [22,5], [21,5], [20,5], [19,5], [18,5], [17,5], [18,5], [19,5], [20,5], [21,5], [22,5], [23,5], [23,6], [23,7], [23,8], [23,9], [22,9], [21,9], [21,10], [21,11], [20,11], [19,11], [19,10], [19,9], [18,9], [17,9], [17,10], [17,11], [17,12], [17,13], [16,13], [15,13], [15,14], [15,15], [15,16], [15,17], [15,18], [15,19], [14,19], [13,19], [13,20], [13,21], [14,21], [15,21], [15,22], [15,23], [14,23], [13,23], [13,24], [13,25], [12,25], [11,25], [11,24], [11,23], [10,23], [9,23], [9,24], [9,25], [8,25], [7,25], [6,25], [5,25], [4,25], [3,25], [3,26], [3,27], [2,27], [1,27], [1,28], [1,29], [1,28], [1,27], [2,27], [3,27], [3,26], [3,25], [4,25], [5,25], [6,25], [7,25], [8,25], [9,25], [9,24], [9,23], [10,23], [11,23], [11,24], [11,25], [12,25], [13,25], [13,24], [13,23], [14,23], [15,23], [15,22], [15,21], [16,21], [17,21], [17,22], [17,23], [17,24], [17,25], [17,26], [17,27], [17,28], [17,29], [18,29], [19,29], [20,29], [21,29], [22,29], [23,29], [24,29], [25,29], [26,29], [27,29], [28,29], [29,29], [29,28], [29,27], [29,26], [29,25], [29,24], [29,23], [29,24], [29,25], [29,26], [29,27], [29,28], [29,29], [28,29], [27,29], [26,29], [25,29], [24,29], [23,29], [22,29], [21,29], [20,29], [19,29], [18,29], [17,29], [17,28], [17,27], [17,26], [17,25], [17,24], [17,23], [17,22], [17,21], [16,21], [15,21], [14,21], [13,21], [12,21], [11,21], [11,20], [11,19], [11,18], [11,17], [10,17], [9,17], [8,17], [7,17], [7,16], [7,15], [7,14], [7,13], [7,12], [7,11], [6,11], [5,11], [4,11], [3,11], [3,10], [3,9], [3,8], [3,7], [4,7], [5,7], [5,6], [5,5], [5,4], [5,3], [5,2], [5,1], [6,1], [7,1], [7,2], [7,3], [7,4], [7,5], [7,4], [7,3], [7,2], [7,1], [6,1], [5,1], [5,2], [5,3], [5,4], [5,5], [5,6], [5,7], [4,7], [3,7], [3,8], [3,9], [3,10], [3,11], [4,11], [5,11], [6,11], [7,11], [7,12], [7,13], [7,14], [7,15], [7,16], [7,17], [8,17], [9,17], [10,17], [11,17], [11,18], [11,19], [11,20], [11,21], [12,21], [13,21], [14,21], [15,21], [15,22], [15,23], [14,23], [13,23], [13,24], [13,25], [13,26], [13,27], [12,27], [11,27], [10,27], [9,27], [8,27], [7,27], [7,28], [7,29], ]
