DFS
dolzina poti: 40
cena poti: 78
število obiskanih vozlišč: 76
največja globina: 13
[[1,2], [1,3], [2,3], [3,3], [4,3], [5,3], [6,3], [7,3], [8,3], [9,3], [9,2], [9,1], [9,2], [9,3], [9,4], [9,5], [8,5], [7,5], [7,6], [7,7], [7,8], [7,9], [6,9], [5,9], [4,9], [3,9], [3,8], [3,7], [4,7], [5,7], [4,7], [3,7], [3,8], [3,9], [4,9], [5,9], [6,9], [7,9], [8,9], [9,9], ]

BFS
dolzina poti: 40
cena poti: 78
število obiskanih vozlišč: 80
največja globina: 18
[[1,2], [1,3], [2,3], [3,3], [4,3], [5,3], [6,3], [7,3], [8,3], [9,3], [9,2], [9,1], [9,2], [9,3], [9,4], [9,5], [8,5], [7,5], [7,6], [7,7], [7,8], [7,9], [6,9], [5,9], [4,9], [3,9], [3,8], [3,7], [4,7], [5,7], [4,7], [3,7], [3,8], [3,9], [4,9], [5,9], [6,9], [7,9], [8,9], [9,9], ]

AStar
dolzina poti: 40
cena poti: 78
število obiskanih vozlišč: 71
največja globina: 18
[[1,2], [1,3], [2,3], [3,3], [4,3], [5,3], [6,3], [7,3], [8,3], [9,3], [9,2], [9,1], [9,2], [9,3], [9,4], [9,5], [8,5], [7,5], [7,6], [7,7], [7,8], [7,9], [6,9], [5,9], [4,9], [3,9], [3,8], [3,7], [4,7], [5,7], [4,7], [3,7], [3,8], [3,9], [4,9], [5,9], [6,9], [7,9], [8,9], [9,9], ]
