DFS
dolzina poti: 276
cena poti: 676
število obiskanih vozlišč: 987
največja globina: 70
[[10,3], [11,3], [11,4], [11,5], [11,6], [11,7], [12,7], [13,7], [13,8], [13,9], [13,10], [13,11], [13,12], [13,13], [14,13], [15,13], [16,13], [17,13], [17,12], [17,11], [17,10], [17,9], [18,9], [19,9], [19,8], [19,7], [18,7], [17,7], [17,6], [17,5], [18,5], [19,5], [20,5], [21,5], [22,5], [23,5], [23,6], [23,7], [23,8], [23,9], [22,9], [21,9], [21,10], [21,11], [20,11], [19,11], [19,10], [19,9], [18,9], [17,9], [17,10], [17,11], [17,12], [17,13], [16,13], [15,13], [15,14], [15,15], [15,16], [15,17], [15,18], [15,19], [14,19], [13,19], [13,20], [13,21], [12,21], [11,21], [11,20], [11,19], [11,18], [11,17], [10,17], [9,17], [8,17], [7,17], [7,16], [7,15], [7,14], [7,13], [7,12], [7,11], [6,11], [5,11], [4,11], [3,11], [3,10], [3,9], [3,8], [3,7], [4,7], [5,7], [6,7], [7,7], [7,6], [7,5], [7,4], [7,3], [7,2], [7,1], [6,1], [5,1], [5,2], [5,3], [5,4], [5,5], [5,6], [5,7], [4,7], [3,7], [3,8], [3,9], [3,10], [3,11], [4,11], [5,11], [6,11], [7,11], [7,12], [7,13], [7,14], [7,15], [7,16], [7,17], [8,17], [9,17], [10,17], [11,17], [11,18], [11,19], [11,20], [11,21], [12,21], [13,21], [14,21], [15,21], [16,21], [17,21], [18,21], [19,21], [20,21], [21,21], [22,21], [23,21], [24,21], [25,21], [25,20], [25,19], [26,19], [27,19], [27,20], [27,21], [28,21], [29,21], [29,22], [29,23], [28,23], [27,23], [27,24], [27,25], [28,25], [29,25], [29,26], [29,27], [29,28], [29,29], [28,29], [27,29], [26,29], [25,29], [24,29], [23,29], [22,29], [21,29], [20,29], [19,29], [18,29], [17,29], [17,28], [17,27], [17,26], [17,25], [17,24], [17,23], [17,22], [17,21], [16,21], [15,21], [15,22], [15,23], [14,23], [13,23], [13,24], [13,25], [12,25], [11,25], [11,24], [11,23], [10,23], [9,23], [9,24], [9,25], [8,25], [7,25], [6,25], [5,25], [4,25], [3,25], [3,26], [3,27], [2,27], [1,27], [1,28], [1,29], [2,29], [3,29], [3,28], [3,27], [3,26], [3,25], [4,25], [5,25], [6,25], [7,25], [8,25], [9,25], [9,24], [9,23], [10,23], [11,23], [11,24], [11,25], [12,25], [13,25], [13,24], [13,23], [14,23], [15,23], [15,22], [15,21], [14,21], [13,21], [13,20], [13,19], [14,19], [15,19], [15,18], [15,17], [15,16], [15,15], [15,14], [15,13], [16,13], [17,13], [17,12], [17,11], [17,10], [17,9], [16,9], [15,9], [15,8], [15,7], [15,6], [15,5], [15,4], [15,3], [16,3], [17,3], [18,3], [19,3], [19,2], [19,1], [20,1], [21,1], [22,1], [23,1], ]

BFS
dolzina poti: 244
cena poti: 600
število obiskanih vozlišč: 1587
največja globina: 64
[[10,3], [11,3], [11,4], [11,5], [11,6], [11,7], [12,7], [13,7], [13,8], [13,9], [13,10], [13,11], [13,12], [13,13], [14,13], [15,13], [16,13], [17,13], [17,12], [17,11], [17,10], [17,9], [18,9], [19,9], [19,8], [19,7], [18,7], [17,7], [17,6], [17,5], [17,6], [17,7], [18,7], [19,7], [19,8], [19,9], [18,9], [17,9], [17,10], [17,11], [17,12], [17,13], [16,13], [15,13], [15,14], [15,15], [15,16], [15,17], [15,18], [15,19], [14,19], [13,19], [13,20], [13,21], [14,21], [15,21], [16,21], [17,21], [18,21], [19,21], [20,21], [21,21], [22,21], [23,21], [24,21], [25,21], [25,20], [25,19], [26,19], [27,19], [27,20], [27,21], [28,21], [29,21], [29,22], [29,23], [29,22], [29,21], [28,21], [27,21], [27,20], [27,19], [26,19], [25,19], [25,20], [25,21], [24,21], [23,21], [22,21], [21,21], [20,21], [19,21], [18,21], [17,21], [16,21], [15,21], [15,22], [15,23], [14,23], [13,23], [13,24], [13,25], [12,25], [11,25], [11,24], [11,23], [10,23], [9,23], [9,24], [9,25], [8,25], [7,25], [6,25], [5,25], [4,25], [3,25], [3,26], [3,27], [2,27], [1,27], [1,28], [1,29], [2,29], [3,29], [3,28], [3,27], [3,26], [3,25], [4,25], [5,25], [6,25], [7,25], [8,25], [9,25], [9,24], [9,23], [10,23], [11,23], [11,24], [11,25], [12,25], [13,25], [13,24], [13,23], [14,23], [15,23], [15,22], [15,21], [14,21], [13,21], [12,21], [11,21], [11,20], [11,19], [11,18], [11,17], [10,17], [9,17], [8,17], [7,17], [7,16], [7,15], [7,14], [7,13], [7,12], [7,11], [6,11], [5,11], [4,11], [3,11], [3,10], [3,9], [3,8], [3,7], [4,7], [5,7], [6,7], [7,7], [7,6], [7,5], [7,6], [7,7], [6,7], [5,7], [4,7], [3,7], [3,8], [3,9], [3,10], [3,11], [4,11], [5,11], [6,11], [7,11], [7,12], [7,13], [7,14], [7,15], [7,16], [7,17], [8,17], [9,17], [10,17], [11,17], [11,18], [11,19], [11,20], [11,21], [12,21], [13,21], [13,20], [13,19], [14,19], [15,19], [15,18], [15,17], [15,16], [15,15], [15,14], [15,13], [16,13], [17,13], [17,12], [17,11], [17,10], [17,9], [16,9], [15,9], [15,8], [15,7], [15,6], [15,5], [15,4], [15,3], [16,3], [17,3], [18,3], [19,3], [19,2], [19,1], [20,1], [21,1], [22,1], [23,1], ]

AStar
dolzina poti: 244
cena poti: 600
število obiskanih vozlišč: 980
največja globina: 64
[[10,3], [11,3], [11,4], [11,5], [11,6], [11,7], [12,7], [13,7], [13,8], [13,9], [13,10], [13,11], [13,12], [13,13], [14,13], [15,13], [16,13], [17,13], [17,12], [17,11], [17,10], [17,9], [18,9], [19,9], [19,8], [19,7], [18,7], [17,7], [17,6], [17,5], [17,6], [17,7], [18,7], [19,7], [19,8], [19,9], [18,9], [17,9], [17,10], [17,11], [17,12], [17,13], [16,13], [15,13], [15,14], [15,15], [15,16], [15,17], [15,18], [15,19], [14,19], [13,19], [13,20], [13,21], [14,21], [15,21], [16,21], [17,21], [18,21], [19,21], [20,21], [21,21], [22,21], [23,21], [24,21], [25,21], [25,20], [25,19], [26,19], [27,19], [27,20], [27,21], [28,21], [29,21], [29,22], [29,23], [29,22], [29,21], [28,21], [27,21], [27,20], [27,19], [26,19], [25,19], [25,20], [25,21], [24,21], [23,21], [22,21], [21,21], [20,21], [19,21], [18,21], [17,21], [16,21], [15,21], [15,22], [15,23], [14,23], [13,23], [13,24], [13,25], [12,25], [11,25], [11,24], [11,23], [10,23], [9,23], [9,24], [9,25], [8,25], [7,25], [6,25], [5,25], [4,25], [3,25], [3,26], [3,27], [2,27], [1,27], [1,28], [1,29], [2,29], [3,29], [3,28], [3,27], [3,26], [3,25], [4,25], [5,25], [6,25], [7,25], [8,25], [9,25], [9,24], [9,23], [10,23], [11,23], [11,24], [11,25], [12,25], [13,25], [13,24], [13,23], [14,23], [15,23], [15,22], [15,21], [14,21], [13,21], [12,21], [11,21], [11,20], [11,19], [11,18], [11,17], [10,17], [9,17], [8,17], [7,17], [7,16], [7,15], [7,14], [7,13], [7,12], [7,11], [6,11], [5,11], [4,11], [3,11], [3,10], [3,9], [3,8], [3,7], [4,7], [5,7], [6,7], [7,7], [7,6], [7,5], [7,6], [7,7], [6,7], [5,7], [4,7], [3,7], [3,8], [3,9], [3,10], [3,11], [4,11], [5,11], [6,11], [7,11], [7,12], [7,13], [7,14], [7,15], [7,16], [7,17], [8,17], [9,17], [10,17], [11,17], [11,18], [11,19], [11,20], [11,21], [12,21], [13,21], [13,20], [13,19], [14,19], [15,19], [15,18], [15,17], [15,16], [15,15], [15,14], [15,13], [16,13], [17,13], [17,12], [17,11], [17,10], [17,9], [16,9], [15,9], [15,8], [15,7], [15,6], [15,5], [15,4], [15,3], [16,3], [17,3], [18,3], [19,3], [19,2], [19,1], [20,1], [21,1], [22,1], [23,1], ]
