DFS
dolzina poti: 277
cena poti: 1082
število obiskanih vozlišč: 467
največja globina: 121
[[4,9], [3,9], [3,8], [4,8], [5,8], [6,8], [6,7], [5,7], [4,7], [3,7], [3,6], [3,5], [4,5], [5,5], [5,4], [5,3], [5,2], [5,1], [6,1], [7,1], [8,1], [9,1], [10,1], [11,1], [12,1], [13,1], [14,1], [15,1], [16,1], [17,1], [18,1], [19,1], [19,2], [18,2], [17,2], [17,3], [16,3], [15,3], [15,4], [15,5], [15,6], [15,7], [14,7], [13,7], [12,7], [11,7], [10,7], [9,7], [9,8], [10,8], [11,8], [12,8], [13,8], [13,9], [12,9], [11,9], [10,9], [9,9], [9,10], [10,10], [11,10], [12,10], [13,10], [13,11], [12,11], [11,11], [10,11], [9,11], [8,11], [7,11], [6,11], [5,11], [5,10], [4,10], [3,10], [3,11], [3,12], [3,13], [4,13], [5,13], [6,13], [7,13], [8,13], [9,13], [10,13], [11,13], [12,13], [13,13], [14,13], [15,13], [16,13], [17,13], [17,12], [17,11], [17,10], [17,9], [17,8], [17,7], [17,6], [17,5], [18,5], [19,5], [19,4], [18,4], [18,3], [19,3], [18,3], [17,3], [16,3], [15,3], [15,2], [15,1], [14,1], [13,1], [12,1], [11,1], [10,1], [9,1], [8,1], [7,1], [6,1], [5,1], [5,2], [5,3], [4,3], [3,3], [3,4], [3,5], [4,5], [5,5], [5,6], [6,6], [7,6], [7,7], [6,7], [5,7], [4,7], [3,7], [3,8], [4,8], [5,8], [6,8], [6,9], [5,9], [4,9], [3,9], [3,10], [4,10], [5,10], [6,10], [7,10], [7,11], [6,11], [5,11], [5,12], [6,12], [6,13], [5,13], [5,14], [5,15], [6,15], [7,15], [6,15], [5,15], [5,14], [5,13], [4,13], [3,13], [3,12], [3,11], [3,10], [4,10], [5,10], [6,10], [7,10], [7,9], [6,9], [5,9], [4,9], [3,9], [3,8], [4,8], [5,8], [6,8], [6,7], [5,7], [4,7], [3,7], [3,6], [3,5], [4,5], [5,5], [5,4], [5,3], [5,2], [5,1], [6,1], [7,1], [8,1], [9,1], [10,1], [11,1], [12,1], [13,1], [14,1], [15,1], [16,1], [17,1], [18,1], [19,1], [19,2], [18,2], [17,2], [17,3], [16,3], [15,3], [15,4], [15,5], [15,6], [15,7], [14,7], [13,7], [12,7], [11,7], [10,7], [9,7], [9,8], [10,8], [11,8], [12,8], [13,8], [13,9], [12,9], [11,9], [10,9], [9,9], [9,10], [10,10], [11,10], [12,10], [13,10], [13,11], [12,11], [11,11], [10,11], [9,11], [8,11], [7,11], [6,11], [5,11], [5,12], [6,12], [6,13], [7,13], [8,13], [9,13], [10,13], [11,13], [12,13], [13,13], [14,13], [15,13], [15,14], [15,15], [14,15], [13,15], [13,16], [14,16], [15,16], [15,17], [14,17], [13,17], [13,18], [14,18], [15,18], [15,19], [14,19], ]

BFS
dolzina poti: 53
cena poti: 194
število obiskanih vozlišč: 501
največja globina: 24
[[6,9], [6,10], [6,11], [6,12], [6,13], [7,13], [7,14], [7,15], [8,15], [9,15], [10,15], [11,15], [12,15], [13,15], [14,15], [15,15], [15,14], [15,13], [16,13], [17,13], [17,12], [17,11], [17,10], [17,9], [17,8], [17,7], [17,6], [17,5], [18,5], [19,5], [19,4], [19,3], [18,3], [18,4], [18,5], [17,5], [17,6], [17,7], [17,8], [17,9], [17,10], [17,11], [17,12], [17,13], [16,13], [15,13], [15,14], [15,15], [14,15], [14,16], [14,17], [14,18], [14,19], ]

AStar
dolzina poti: 53
cena poti: 194
število obiskanih vozlišč: 205
največja globina: 24
[[6,9], [6,10], [6,11], [6,12], [6,13], [7,13], [7,14], [7,15], [8,15], [9,15], [10,15], [11,15], [12,15], [13,15], [14,15], [15,15], [15,14], [15,13], [16,13], [17,13], [17,12], [17,11], [17,10], [17,9], [17,8], [17,7], [17,6], [17,5], [18,5], [19,5], [19,4], [19,3], [18,3], [18,4], [18,5], [17,5], [17,6], [17,7], [17,8], [17,9], [17,10], [17,11], [17,12], [17,13], [16,13], [15,13], [15,14], [15,15], [14,15], [14,16], [14,17], [14,18], [14,19], ]
