DFS
dolzina poti: 54
cena poti: 184
število obiskanih vozlišč: 122
največja globina: 39
[[1,2], [1,3], [2,3], [3,3], [4,3], [5,3], [6,3], [7,3], [8,3], [9,3], [8,3], [7,3], [6,3], [5,3], [4,3], [3,3], [3,4], [3,5], [2,5], [1,5], [1,6], [1,7], [1,6], [1,5], [2,5], [3,5], [4,5], [5,5], [6,5], [7,5], [8,5], [9,5], [9,6], [9,7], [8,7], [7,7], [7,6], [7,5], [6,5], [5,5], [4,5], [3,5], [2,5], [1,5], [1,6], [1,7], [1,8], [1,9], [2,9], [3,9], [3,8], [3,7], [4,7], [5,7], ]

BFS
dolzina poti: 32
cena poti: 103
število obiskanih vozlišč: 108
največja globina: 10
[[1,2], [1,3], [2,3], [3,3], [4,3], [5,3], [6,3], [7,3], [8,3], [9,3], [9,4], [9,5], [8,5], [7,5], [7,6], [7,5], [6,5], [5,5], [4,5], [3,5], [2,5], [1,5], [1,6], [1,7], [1,8], [1,9], [2,9], [3,9], [3,8], [3,7], [4,7], [5,7], ]

AStar
dolzina poti: 32
cena poti: 103
število obiskanih vozlišč: 67
največja globina: 10
[[1,2], [1,3], [2,3], [3,3], [4,3], [5,3], [6,3], [7,3], [8,3], [9,3], [9,4], [9,5], [8,5], [7,5], [7,6], [7,5], [6,5], [5,5], [4,5], [3,5], [2,5], [1,5], [1,6], [1,7], [1,8], [1,9], [2,9], [3,9], [3,8], [3,7], [4,7], [5,7], ]
