DFS
dolzina poti: 328
cena poti: 1268
število obiskanih vozlišč: 539
največja globina: 82
[[4,9], [3,9], [3,8], [3,7], [4,7], [5,7], [6,7], [7,7], [8,7], [9,7], [10,7], [11,7], [12,7], [13,7], [14,7], [15,7], [16,7], [17,7], [17,6], [17,5], [18,5], [19,5], [19,4], [19,3], [18,3], [17,3], [16,3], [15,3], [15,2], [15,1], [14,1], [13,1], [12,1], [11,1], [10,1], [9,1], [8,1], [7,1], [6,1], [5,1], [5,2], [5,3], [4,3], [3,3], [3,2], [3,1], [2,1], [1,1], [2,1], [3,1], [3,2], [3,3], [4,3], [5,3], [5,2], [5,1], [6,1], [7,1], [8,1], [9,1], [10,1], [11,1], [12,1], [13,1], [14,1], [15,1], [16,1], [17,1], [18,1], [19,1], [18,1], [17,1], [16,1], [15,1], [14,1], [13,1], [12,1], [11,1], [10,1], [9,1], [8,1], [7,1], [6,1], [5,1], [5,2], [5,3], [4,3], [3,3], [3,4], [3,5], [4,5], [5,5], [5,6], [5,7], [4,7], [3,7], [3,8], [3,9], [4,9], [5,9], [6,9], [7,9], [7,10], [7,11], [6,11], [5,11], [5,12], [5,13], [6,13], [7,13], [8,13], [9,13], [9,12], [9,11], [9,10], [9,9], [9,8], [9,7], [10,7], [11,7], [12,7], [13,7], [14,7], [15,7], [16,7], [17,7], [17,8], [17,9], [17,10], [17,11], [17,12], [17,13], [16,13], [15,13], [14,13], [13,13], [13,14], [13,15], [12,15], [11,15], [10,15], [9,15], [8,15], [7,15], [7,16], [7,17], [7,18], [7,19], [6,19], [5,19], [4,19], [3,19], [4,19], [5,19], [6,19], [7,19], [7,18], [7,17], [8,17], [9,17], [10,17], [11,17], [11,16], [11,15], [10,15], [9,15], [8,15], [7,15], [7,16], [6,16], [5,16], [5,15], [5,14], [5,13], [4,13], [3,13], [3,12], [3,11], [3,10], [3,9], [4,9], [5,9], [6,9], [7,9], [7,10], [7,11], [8,11], [9,11], [9,10], [9,9], [9,8], [9,7], [8,7], [7,7], [6,7], [5,7], [4,7], [3,7], [3,6], [3,5], [4,5], [5,5], [5,4], [5,3], [5,2], [5,1], [6,1], [7,1], [8,1], [9,1], [10,1], [11,1], [12,1], [13,1], [14,1], [15,1], [16,1], [17,1], [17,2], [17,3], [16,3], [15,3], [15,4], [15,5], [15,6], [15,7], [16,7], [17,7], [17,8], [17,9], [17,10], [17,11], [17,12], [17,13], [16,13], [15,13], [14,13], [13,13], [13,14], [13,15], [14,15], [15,15], [15,16], [15,17], [15,18], [15,19], [14,19], [13,19], [14,19], [15,19], [15,18], [15,17], [15,16], [15,15], [14,15], [13,15], [12,15], [11,15], [10,15], [9,15], [8,15], [7,15], [7,16], [6,16], [5,16], [5,15], [5,14], [5,13], [4,13], [3,13], [3,12], [3,11], [3,10], [3,9], [4,9], [5,9], [6,9], [7,9], [7,10], [7,11], [8,11], [9,11], [9,10], [9,9], [9,8], [9,7], [8,7], [7,7], [6,7], [5,7], [4,7], [3,7], [3,6], [3,5], [4,5], [5,5], [5,4], [5,3], [5,2], [5,1], [6,1], [7,1], [8,1], [9,1], [10,1], [11,1], [12,1], [13,1], [14,1], [15,1], [16,1], [17,1], [17,2], [17,3], [16,3], [15,3], [15,4], [15,5], [15,6], [15,7], [16,7], [17,7], [17,8], [17,9], [16,9], [15,9], [14,9], [13,9], ]

BFS
dolzina poti: 108
cena poti: 400
število obiskanih vozlišč: 630
največja globina: 28
[[4,9], [3,9], [3,8], [3,7], [3,6], [3,5], [3,4], [3,3], [3,2], [3,1], [2,1], [1,1], [2,1], [3,1], [3,2], [3,3], [4,3], [5,3], [5,2], [5,1], [6,1], [7,1], [8,1], [9,1], [10,1], [11,1], [12,1], [13,1], [14,1], [15,1], [16,1], [17,1], [18,1], [19,1], [18,1], [17,1], [16,1], [15,1], [15,2], [15,3], [15,4], [15,5], [15,6], [15,7], [16,7], [17,7], [17,8], [17,9], [17,10], [17,11], [17,12], [17,13], [16,13], [15,13], [14,13], [13,13], [13,14], [13,15], [13,16], [13,17], [13,18], [13,19], [13,18], [13,17], [13,16], [13,15], [12,15], [11,15], [10,15], [9,15], [8,15], [7,15], [7,16], [7,17], [7,18], [7,19], [6,19], [5,19], [4,19], [3,19], [4,19], [5,19], [6,19], [7,19], [7,18], [7,17], [8,17], [9,17], [10,17], [11,17], [11,16], [11,15], [12,15], [13,15], [14,15], [15,15], [15,14], [15,13], [16,13], [17,13], [17,12], [17,11], [17,10], [17,9], [16,9], [15,9], [14,9], [13,9], ]

AStar
dolzina poti: 108
cena poti: 400
število obiskanih vozlišč: 316
največja globina: 28
[[4,9], [3,9], [3,8], [3,7], [3,6], [3,5], [3,4], [3,3], [3,2], [3,1], [2,1], [1,1], [2,1], [3,1], [3,2], [3,3], [4,3], [5,3], [5,2], [5,1], [6,1], [7,1], [8,1], [9,1], [10,1], [11,1], [12,1], [13,1], [14,1], [15,1], [16,1], [17,1], [18,1], [19,1], [18,1], [17,1], [16,1], [15,1], [15,2], [15,3], [15,4], [15,5], [15,6], [15,7], [15,8], [15,9], [16,9], [17,9], [17,10], [17,11], [17,12], [17,13], [16,13], [15,13], [14,13], [13,13], [13,14], [13,15], [13,16], [13,17], [13,18], [13,19], [13,18], [13,17], [13,16], [13,15], [12,15], [11,15], [10,15], [9,15], [8,15], [7,15], [7,16], [7,17], [7,18], [7,19], [6,19], [5,19], [4,19], [3,19], [4,19], [5,19], [6,19], [7,19], [7,18], [7,17], [8,17], [9,17], [10,17], [11,17], [11,16], [11,15], [12,15], [13,15], [13,14], [13,13], [14,13], [15,13], [16,13], [17,13], [17,12], [17,11], [17,10], [17,9], [16,9], [15,9], [14,9], [13,9], ]
