DFS
dolzina poti: 190
cena poti: 447
število obiskanih vozlišč: 394
največja globina: 87
[[4,9], [3,9], [3,8], [3,7], [4,7], [5,7], [6,7], [7,7], [8,7], [9,7], [10,7], [11,7], [12,7], [13,7], [14,7], [15,7], [15,6], [15,5], [15,4], [15,3], [14,3], [13,3], [12,3], [11,3], [10,3], [9,3], [8,3], [7,3], [6,3], [5,3], [4,3], [3,3], [2,3], [1,3], [1,4], [1,5], [1,6], [1,7], [1,8], [1,9], [1,10], [1,11], [2,11], [3,11], [3,12], [3,13], [4,13], [5,13], [5,14], [5,15], [5,16], [5,17], [4,17], [3,17], [3,18], [3,19], [4,19], [5,19], [6,19], [7,19], [7,18], [7,17], [7,16], [7,15], [7,16], [7,17], [8,17], [9,17], [10,17], [11,17], [11,16], [11,15], [10,15], [9,15], [9,14], [9,13], [9,12], [9,11], [9,10], [9,9], [9,8], [9,7], [8,7], [7,7], [6,7], [5,7], [4,7], [3,7], [3,6], [3,5], [3,4], [3,3], [4,3], [5,3], [6,3], [7,3], [8,3], [9,3], [10,3], [11,3], [12,3], [13,3], [14,3], [15,3], [16,3], [17,3], [18,3], [19,3], [18,3], [17,3], [16,3], [15,3], [14,3], [13,3], [12,3], [11,3], [10,3], [9,3], [8,3], [7,3], [6,3], [5,3], [4,3], [3,3], [2,3], [1,3], [1,4], [1,5], [1,6], [1,7], [1,8], [1,9], [1,10], [1,11], [2,11], [3,11], [3,10], [3,9], [3,8], [3,7], [4,7], [5,7], [6,7], [7,7], [8,7], [9,7], [10,7], [11,7], [12,7], [13,7], [14,7], [15,7], [15,8], [15,9], [16,9], [17,9], [17,10], [17,11], [17,12], [17,13], [16,13], [15,13], [15,14], [15,15], [14,15], [13,15], [12,15], [11,15], [11,16], [11,17], [10,17], [9,17], [8,17], [7,17], [7,18], [7,19], [6,19], [5,19], [4,19], [3,19], [3,18], [3,17], [4,17], [5,17], [5,16], [5,15], [5,14], [5,13], [5,12], [5,11], ]

BFS
dolzina poti: 74
cena poti: 153
število obiskanih vozlišč: 431
največja globina: 32
[[4,9], [3,9], [3,8], [3,7], [4,7], [5,7], [6,7], [7,7], [8,7], [9,7], [10,7], [11,7], [12,7], [13,7], [14,7], [15,7], [15,6], [15,5], [15,4], [15,3], [16,3], [17,3], [18,3], [19,3], [18,3], [17,3], [16,3], [15,3], [14,3], [13,3], [12,3], [11,3], [11,4], [11,5], [11,6], [11,7], [10,7], [9,7], [9,8], [9,9], [9,10], [9,11], [9,12], [9,13], [9,14], [9,15], [10,15], [11,15], [11,16], [11,17], [10,17], [9,17], [8,17], [7,17], [7,16], [7,15], [7,16], [7,17], [7,18], [7,19], [6,19], [5,19], [4,19], [3,19], [3,18], [3,17], [4,17], [5,17], [5,16], [5,15], [5,14], [5,13], [5,12], [5,11], ]

AStar
dolzina poti: 86
cena poti: 195
število obiskanih vozlišč: 350
največja globina: 32
[[4,9], [3,9], [3,10], [3,11], [3,12], [3,13], [4,13], [5,13], [5,14], [5,15], [5,16], [5,17], [4,17], [3,17], [3,18], [3,19], [4,19], [5,19], [6,19], [7,19], [7,18], [7,17], [7,16], [7,15], [7,16], [7,17], [8,17], [9,17], [10,17], [11,17], [11,16], [11,15], [12,15], [13,15], [14,15], [15,15], [15,14], [15,13], [16,13], [17,13], [17,12], [17,11], [17,10], [17,9], [16,9], [15,9], [15,8], [15,7], [15,6], [15,5], [15,4], [15,3], [16,3], [17,3], [18,3], [19,3], [18,3], [17,3], [16,3], [15,3], [14,3], [13,3], [12,3], [11,3], [10,3], [9,3], [8,3], [7,3], [7,4], [7,5], [7,6], [7,7], [6,7], [5,7], [4,7], [3,7], [3,8], [3,9], [3,10], [3,11], [3,12], [3,13], [4,13], [5,13], [5,12], [5,11], ]
